v1 <- c(1,2,3)
v2 <- c(1,2,3)
c(v1, v2)
